366 422
357 417
352 408
352 398
353 388
356 379
360 370
356 361
346 355
336 352
328 345
323 336
324 326
325 316
322 306
322 295
322 284
322 274
320 264
321 254
322 244
321 234
326 224
330 215
338 208
342 199
342 189
341 180
340 169
341 159
344 149
342 138
339 130
340 120
341 112
339 102
340 92
335 86
339 83
337 73
336 63
338 53
333 47
336 45
329 37
338 33
348 32
355 36
362 43
367 49
368 54
375 56
377 49
383 44
375 39
385 41
392 47
401 51
394 58
393 68
397 78
400 88
400 98
404 108
407 119
411 128
409 137
413 147
415 158
418 167
423 176
425 187
428 195
430 205
430 216
440 217
446 224
448 233
449 243
446 253
446 264
444 273
440 280
437 291
434 301
435 310
433 319
433 330
433 340
431 349
425 355
415 359
407 363
397 368
393 376
394 385
394 396
394 406
388 415
378 420
