238 83
237 84
236 84
235 84
234 84
234 84
233 84
232 84
231 85
230 85
229 85
228 85
227 85
226 85
225 86
224 86
223 86
222 86
221 86
220 87
219 87
218 87
217 87
216 88
215 88
214 88
213 89
212 89
211 89
210 90
209 90
208 90
207 91
206 91
205 92
205 92
204 93
203 93
202 94
201 94
200 95
200 95
199 96
198 96
197 97
197 98
196 98
195 99
194 100
194 100
193 101
193 102
192 103
191 104
191 104
190 105
190 106
189 107
189 108
188 109
188 109
187 110
187 111
187 112
186 113
186 114
185 115
185 116
185 117
184 118
184 119
184 120
184 121
183 122
183 123
183 124
182 125
182 126
182 127
182 128
181 129
181 130
181 131
180 132
180 133
180 134
180 135
179 136
179 137
179 138
179 139
178 140
178 140
178 141
177 142
177 143
177 144
177 145
177 146
176 147
176 148
176 149
176 150
175 151
175 152
175 153
175 154
175 155
174 156
174 157
174 158
174 159
173 160
173 161
173 162
173 163
173 164
172 164
172 165
172 166
172 167
171 168
171 169
171 170
171 171
170 172
170 173
170 174
170 175
169 176
169 177
169 178
168 178
168 179
168 180
168 181
167 182
167 183
167 184
167 185
166 186
166 187
166 188
166 189
165 189
165 190
165 191
165 192
164 193
164 194
164 195
164 196
164 197
164 198
164 199
163 200
163 201
163 202
163 203
163 203
163 204
163 205
163 206
162 207
162 208
162 209
162 210
162 211
162 212
162 213
162 214
162 215
162 216
162 217
161 218
161 219
161 220
161 221
161 223
161 224
161 225
160 226
160 227
160 228
160 229
160 230
160 231
159 232
159 233
159 234
159 235
158 236
158 237
158 237
158 238
158 239
157 240
157 241
157 242
157 243
156 244
156 245
156 246
156 247
156 248
155 249
155 250
155 251
155 252
154 253
154 254
154 255
154 256
154 257
154 258
153 259
153 260
153 261
153 262
153 263
152 264
152 265
152 266
152 267
152 268
152 269
152 269
151 270
151 271
151 272
151 273
151 274
151 275
151 276
151 277
151 278
151 279
151 280
151 281
151 282
151 283
150 284
150 285
150 286
150 287
150 288
150 289
150 291
150 292
149 293
149 294
149 295
149 296
149 297
149 298
149 299
148 301
148 302
148 303
148 303
148 304
148 305
148 306
148 307
148 308
148 309
148 310
148 311
148 312
148 312
148 313
149 314
149 315
149 315
149 316
150 317
150 317
151 318
151 318
152 319
153 319
153 320
154 320
155 320
155 321
156 321
157 321
158 321
159 321
159 321
160 321
161 321
162 321
163 321
164 321
164 321
165 321
166 320
167 320
168 320
168 319
169 319
170 318
170 318
171 317
172 316
172 315
173 315
173 314
174 313
175 312
175 311
176 310
176 309
177 308
177 307
178 306
178 305
179 304
179 304
180 303
180 302
181 301
181 300
182 299
182 298
183 297
183 296
184 296
185 295
185 294
186 293
186 293
187 292
187 291
188 291
188 291
189 290
189 290
189 290
190 290
190 290
190 290
190 290
191 291
191 291
191 291
191 292
191 292
191 293
192 293
192 294
192 294
192 295
192 296
192 296
192 297
192 298
192 298
192 299
192 300
192 301
191 301
191 302
191 303
191 304
191 304
190 305
190 306
190 307
190 307
190 308
190 309
189 309
189 310
189 311
189 311
189 312
189 312
189 313
189 313
189 314
189 314
190 315
190 315
190 316
191 316
191 317
191 318
192 318
192 319
192 320
193 321
193 321
194 322
194 323
194 324
195 325
195 326
195 327
195 328
195 329
196 330
196 331
196 332
196 333
196 335
196 336
196 337
195 338
195 339
195 340
195 341
195 341
195 342
194 343
194 344
194 344
193 345
193 345
193 346
193 346
192 346
192 346
192 346
191 346
191 346
191 346
191 345
190 345
190 345
190 344
189 344
189 344
189 343
188 343
188 342
187 342
187 341
187 341
186 340
186 340
185 339
185 339
185 339
184 338
184 338
184 338
183 337
183 337
183 337
183 337
183 337
183 337
182 337
182 337
182 337
182 337
182 338
182 338
181 339
181 339
181 340
181 341
181 341
181 342
181 343
181 344
181 345
181 346
181 347
181 349
181 350
181 351
181 352
181 354
181 355
181 356
181 357
181 358
181 360
181 361
181 362
181 363
181 364
181 365
181 366
181 367
181 368
181 369
180 370
180 371
180 372
180 373
180 374
179 375
179 375
179 376
178 377
178 378
178 379
177 379
177 380
177 381
176 382
176 382
176 383
175 383
175 384
175 385
174 385
174 386
174 386
174 386
174 387
174 387
174 388
174 388
174 388
174 388
174 389
174 389
174 389
174 389
174 389
175 390
175 390
175 390
176 390
176 390
176 391
177 391
177 391
178 392
178 392
179 392
179 393
180 393
180 394
181 394
182 395
182 396
183 396
183 397
184 398
185 398
185 399
186 400
186 400
186 401
187 402
187 402
187 403
188 404
188 405
188 405
188 406
188 407
188 407
188 408
188 409
187 409
187 410
187 411
187 411
186 412
186 412
185 413
185 413
184 414
183 414
183 415
182 415
181 416
180 416
179 416
178 416
177 416
176 416
175 416
174 416
173 416
172 416
171 416
170 416
169 416
168 415
167 415
166 415
165 414
164 414
164 414
163 413
162 413
162 412
161 412
160 411
160 411
160 410
159 410
159 409
159 409
158 408
158 407
158 407
158 406
158 406
158 405
158 405
158 404
158 404
158 403
158 402
158 402
158 401
158 401
158 400
158 400
158 399
158 398
158 398
158 397
158 397
158 396
157 395
157 395
157 394
157 394
157 393
156 393
156 393
155 392
155 392
154 392
154 391
153 391
153 391
152 391
151 391
150 391
150 391
149 391
148 391
147 391
146 391
144 391
143 391
142 391
141 391
140 391
138 391
137 391
136 391
135 391
133 391
132 391
131 391
130 391
129 391
128 391
127 391
126 391
125 391
124 391
123 391
122 391
121 391
120 391
119 391
118 391
118 391
117 391
116 391
115 391
114 391
113 391
112 391
111 391
111 391
110 391
109 391
108 391
107 391
106 391
105 391
105 391
104 391
103 391
102 391
101 391
100 390
99 390
98 390
98 390
97 390
96 390
95 390
94 390
93 389
92 389
91 389
90 389
90 389
89 389
88 389
87 389
86 389
85 389
84 389
83 389
82 389
81 389
80 389
79 389
78 389
77 390
76 390
75 389
74 389
73 389
71 389
70 389
69 389
68 389
67 389
66 389
65 389
64 390
63 390
62 390
61 390
60 390
59 390
58 390
57 390
56 390
56 390
55 390
54 390
53 390
52 390
51 390
50 390
49 390
49 390
48 390
47 390
46 390
45 390
44 390
43 390
43 390
42 390
41 390
40 390
39 390
38 390
38 390
37 390
36 390
35 390
34 390
33 389
32 389
31 389
31 389
30 389
29 389
28 389
27 389
26 389
25 389
24 389
23 389
22 389
21 389
20 389
19 389
18 389
17 389
16 389
15 389
15 389
14 389
13 390
12 390
11 390
10 390
9 391
8 391
7 391
7 392
6 392
5 393
5 393
4 394
3 395
3 395
2 396
2 397
1 397
1 398
1 399
0 400
0 400
0 401
0 402
0 403
0 404
0 404
0 405
0 406
0 406
1 407
1 408
1 409
2 409
2 410
2 411
3 412
3 412
4 413
4 414
5 414
5 415
6 415
7 416
7 416
8 417
9 417
9 417
10 418
11 418
11 418
12 419
13 419
14 419
15 419
15 419
16 420
17 420
18 420
19 420
20 420
20 420
21 420
22 421
23 421
24 421
25 421
26 421
26 422
27 422
28 422
29 422
30 423
31 423
32 423
33 423
34 423
35 424
36 424
37 424
38 424
38 424
39 424
40 424
41 424
42 425
43 425
44 425
45 425
46 425
47 425
48 425
49 425
50 425
51 425
52 425
53 425
54 425
55 425
56 425
57 425
58 425
59 425
60 425
61 425
62 425
62 425
63 425
64 425
65 425
66 425
67 425
68 425
68 425
69 425
70 426
71 426
72 426
73 426
74 426
74 426
75 426
76 426
77 426
78 426
79 426
79 426
80 426
81 426
82 426
83 426
84 426
85 426
86 426
86 426
87 426
88 426
89 427
90 427
91 427
92 427
93 427
94 427
95 427
96 427
97 427
98 427
99 427
100 428
101 428
102 428
103 428
103 428
104 428
105 428
106 428
107 428
108 428
109 428
110 428
111 428
112 428
113 428
114 428
115 428
116 428
117 428
118 428
119 429
120 429
121 429
121 429
122 429
123 429
124 430
125 430
126 430
127 430
128 430
129 430
129 430
130 430
131 430
132 430
133 430
134 430
135 430
136 430
137 430
138 430
139 431
140 431
141 431
142 431
143 431
144 431
145 431
146 431
147 431
148 431
149 431
150 431
151 431
151 431
152 431
153 432
154 432
155 432
156 432
157 432
158 432
159 432
159 432
160 432
161 432
162 432
163 432
164 432
164 432
165 432
166 432
167 433
168 433
168 433
169 433
170 433
171 433
172 433
172 433
173 433
174 433
175 433
176 433
176 433
177 433
178 433
179 433
180 433
181 433
182 433
182 433
183 433
184 433
185 433
186 433
187 433
188 433
189 433
190 433
191 433
192 433
193 433
194 433
195 433
196 433
197 433
198 433
199 433
200 433
201 433
203 433
204 433
205 433
206 433
207 434
208 434
209 434
210 434
211 434
212 434
213 434
214 434
215 434
216 434
216 434
217 435
218 435
219 435
220 435
221 435
222 435
223 435
224 436
225 436
226 436
227 436
228 436
229 436
230 436
230 436
231 436
232 436
233 436
234 436
235 436
236 436
237 436
238 436
239 436
240 436
241 436
242 436
243 436
244 436
245 436
246 437
247 437
248 437
249 437
250 437
251 437
252 437
252 437
253 437
254 437
255 437
256 437
257 437
258 437
259 437
260 437
261 437
262 437
263 437
264 437
264 437
265 437
266 437
267 437
268 437
269 437
270 437
271 437
271 437
272 437
273 437
274 437
275 437
276 437
276 437
277 437
278 437
279 437
280 437
281 437
282 437
283 437
284 436
285 436
285 436
286 436
287 436
288 436
289 436
290 436
291 436
292 436
293 436
294 436
294 436
295 436
296 435
297 435
298 435
299 435
300 435
301 435
302 435
303 435
304 435
305 435
306 434
306 434
307 434
308 434
309 434
310 434
311 434
312 434
313 434
313 434
314 434
315 434
316 434
317 434
318 434
318 434
319 434
320 434
321 434
322 434
322 434
323 434
324 434
325 434
325 434
326 434
327 434
328 434
328 434
329 434
330 433
331 433
331 433
332 433
333 433
334 433
334 433
335 433
336 433
337 433
338 433
338 433
339 433
340 433
341 433
342 433
342 433
343 433
344 433
345 433
346 433
347 433
347 433
348 433
349 433
350 433
351 433
352 433
353 433
354 433
355 433
355 432
356 432
357 432
358 432
359 432
360 432
361 432
362 432
363 432
364 431
365 431
366 431
367 431
368 431
369 431
370 431
371 431
372 432
373 432
374 432
375 432
376 432
377 432
378 432
379 431
380 431
381 431
382 431
383 431
384 431
385 431
386 431
387 431
388 431
389 431
390 431
391 431
392 431
393 431
394 431
395 431
395 431
396 431
397 431
398 430
399 430
400 430
401 430
402 430
403 430
404 430
405 430
405 429
406 429
407 429
408 429
409 429
410 429
411 429
412 429
413 428
413 428
414 428
415 428
416 428
417 428
418 428
419 427
420 427
421 427
421 427
422 427
423 427
424 427
425 427
426 427
427 427
427 427
428 427
429 427
430 427
431 427
432 427
433 427
434 427
435 427
435 427
436 427
437 427
438 427
439 427
440 427
441 427
442 427
443 427
444 427
445 427
446 427
447 427
447 427
448 427
449 427
450 427
451 427
452 427
453 427
454 427
455 427
456 427
457 426
458 426
459 426
460 426
460 426
461 426
462 426
463 426
464 426
465 426
466 426
467 426
468 426
468 426
469 426
470 426
471 426
472 425
473 425
474 425
474 425
475 425
476 425
477 425
478 425
479 425
480 425
480 425
481 425
482 425
483 425
484 425
485 425
486 425
487 424
488 424
488 424
489 424
490 424
491 424
492 424
493 424
494 424
495 424
496 424
497 423
498 423
498 423
499 423
500 423
501 423
502 423
503 423
504 422
505 422
506 422
507 422
507 422
508 422
509 421
510 421
511 421
512 421
513 421
513 421
514 421
515 421
516 421
517 421
518 421
518 421
519 420
520 420
521 420
522 420
522 420
523 420
524 420
525 420
526 420
527 420
527 419
528 419
529 419
530 419
531 419
532 419
533 419
534 419
535 419
535 418
536 418
537 418
538 418
539 418
540 418
541 418
542 418
543 418
544 418
545 418
546 418
547 418
548 418
549 418
550 418
551 418
552 418
553 418
555 418
556 418
557 418
558 418
559 418
560 418
561 418
563 418
564 418
565 418
566 418
567 418
568 418
569 418
570 418
571 418
571 418
572 417
573 417
574 417
575 417
575 416
576 416
577 416
577 415
578 415
578 414
579 414
579 413
579 413
580 412
580 411
580 411
580 410
580 409
580 409
580 408
580 407
580 406
580 406
580 405
579 404
579 403
579 403
578 402
578 401
578 401
577 400
577 399
577 399
576 399
576 398
575 398
575 398
574 397
574 397
573 397
573 397
572 397
572 397
571 397
571 398
570 398
570 398
569 398
569 399
569 399
568 400
568 400
567 401
567 402
566 402
566 403
565 403
565 404
564 405
564 405
563 406
562 406
562 407
561 407
560 408
560 408
559 409
558 409
558 409
557 410
556 410
555 410
554 410
553 410
553 410
552 410
551 410
550 409
549 409
549 409
548 408
547 408
546 407
545 407
544 406
543 405
543 405
542 404
541 403
540 403
539 402
538 401
537 401
536 400
536 399
535 399
534 398
533 398
532 397
531 397
531 396
530 396
529 395
528 395
527 394
526 394
526 394
525 393
524 393
523 393
522 393
521 393
520 393
520 393
519 392
518 392
517 392
516 392
515 392
514 392
513 392
512 392
511 392
510 392
509 392
508 392
507 392
506 392
505 392
504 393
503 393
502 393
501 393
500 393
498 393
497 393
496 393
495 393
494 393
493 393
492 393
491 393
490 393
489 393
488 393
487 393
486 393
485 393
484 393
483 393
482 393
482 393
481 393
480 393
479 393
478 393
477 393
476 393
475 393
474 393
473 393
472 393
471 393
470 393
469 393
468 393
467 393
466 393
465 393
464 393
463 393
462 393
461 393
460 393
459 393
458 393
457 393
456 393
455 393
454 393
453 393
452 393
451 393
450 393
449 393
449 393
448 393
447 393
446 393
445 393
444 393
443 393
442 393
441 393
440 393
439 393
438 393
437 392
436 392
435 392
434 392
433 392
432 392
431 392
430 392
429 392
428 392
426 392
425 392
424 392
423 392
422 392
421 392
420 392
419 392
418 392
417 392
416 392
416 392
415 392
414 392
413 392
412 392
411 392
410 392
409 392
408 392
407 392
406 392
405 392
404 393
403 393
402 393
401 393
400 393
399 393
398 393
397 393
396 393
395 393
394 393
393 393
392 393
391 393
390 393
389 393
388 393
387 393
386 393
385 393
383 393
382 393
381 393
380 393
379 393
378 393
377 393
376 393
375 393
374 393
373 393
372 393
371 393
370 393
369 393
368 393
367 393
366 393
365 393
364 393
363 393
363 393
362 393
361 393
360 394
359 394
358 394
357 394
356 394
355 394
354 394
354 394
353 394
352 394
351 394
350 394
349 394
348 394
348 394
347 393
346 393
345 393
344 393
344 393
343 392
342 392
341 392
341 391
340 391
339 390
338 390
337 390
337 389
336 389
335 388
334 387
333 387
333 386
332 386
331 385
330 384
329 383
329 383
328 382
327 381
326 381
325 380
325 379
324 378
323 377
322 377
321 376
321 375
320 374
319 374
319 373
318 372
317 371
317 370
316 369
315 369
315 368
314 367
314 366
313 365
313 364
313 364
312 363
312 362
312 361
311 360
311 359
311 359
311 358
310 357
310 356
310 355
310 355
309 354
309 353
309 352
309 351
309 351
308 350
308 349
308 348
308 347
307 347
307 346
307 345
306 344
306 343
306 342
305 341
305 340
305 339
304 338
304 337
304 336
304 335
303 334
303 333
303 332
302 331
302 330
302 329
301 328
301 327
301 326
300 325
300 324
300 323
299 322
299 321
299 321
299 320
298 319
298 319
298 318
298 318
298 317
298 317
298 317
298 317
298 317
298 317
299 317
299 317
299 317
299 317
300 317
300 318
300 318
301 318
301 319
302 319
302 320
303 320
303 320
304 321
304 321
305 322
305 322
306 323
306 323
307 323
307 324
307 324
308 324
308 325
309 325
309 325
309 325
310 325
310 325
310 325
310 325
310 325
310 325
311 324
311 324
311 323
311 323
311 322
311 321
311 321
311 320
311 319
310 318
310 317
310 316
310 316
310 315
310 313
309 312
309 311
309 310
309 309
308 308
308 307
308 306
307 305
307 304
307 303
306 302
306 301
305 300
305 299
304 298
304 297
304 296
303 295
303 294
302 294
302 293
302 292
301 291
301 291
301 290
301 289
301 288
301 288
301 287
301 286
301 286
301 285
301 284
301 284
301 283
301 282
301 282
302 281
302 281
302 281
302 280
303 280
303 280
304 279
304 279
304 279
305 279
306 279
306 279
307 279
307 279
308 279
309 279
310 279
310 279
311 279
312 280
312 280
313 280
314 281
314 281
315 282
316 283
317 283
317 284
318 285
319 286
319 286
320 287
321 288
321 289
322 290
322 291
323 292
324 293
324 294
325 295
325 296
326 297
326 298
327 299
327 300
328 301
328 302
329 303
329 304
330 304
330 305
331 306
332 307
332 307
333 308
334 308
334 309
335 310
336 310
337 311
337 311
338 311
339 312
340 312
341 312
341 312
342 312
343 312
344 312
345 312
346 311
347 311
347 311
348 310
349 310
350 309
350 309
351 308
352 307
352 307
353 306
353 305
354 304
355 304
355 303
356 302
356 301
356 300
357 299
357 298
357 297
358 296
358 295
358 294
358 293
358 292
358 291
358 290
358 289
358 288
358 287
358 286
358 285
358 284
358 283
358 282
358 281
357 280
357 279
357 278
357 277
357 276
357 275
356 274
356 273
356 272
356 271
356 270
355 269
355 268
355 267
355 266
355 265
354 264
354 263
354 263
354 262
354 261
354 260
354 259
353 258
353 257
353 256
353 254
353 253
353 252
353 251
352 250
352 249
352 248
352 247
352 246
352 245
351 244
351 243
351 242
351 241
351 240
350 239
350 238
350 237
350 236
349 236
349 235
349 234
349 233
348 232
348 231
348 230
348 229
347 228
347 227
347 226
347 225
347 224
346 223
346 222
346 221
346 221
345 220
345 219
345 218
345 217
344 216
344 215
344 214
344 213
344 212
344 211
343 210
343 209
343 208
343 207
343 206
342 205
342 204
342 204
342 203
342 202
342 201
341 200
341 199
341 198
341 197
341 196
341 195
341 194
340 193
340 192
340 191
340 190
340 189
340 188
339 187
339 186
339 185
339 184
339 183
339 181
339 180
339 179
338 178
338 177
338 176
338 175
338 174
337 173
337 172
337 171
337 170
337 170
337 169
336 168
336 167
336 166
336 165
336 164
335 163
335 162
335 161
335 160
335 159
334 158
334 157
334 156
334 155
334 154
334 153
333 152
333 151
333 150
333 149
333 148
333 147
333 146
333 145
333 144
333 143
333 142
333 141
333 140
333 139
333 138
334 137
334 135
334 134
334 133
335 132
335 131
335 130
335 129
336 128
336 127
336 126
337 125
337 124
337 123
337 122
338 121
338 120
338 119
338 118
338 117
339 116
339 115
339 114
339 113
339 113
339 112
339 111
339 110
339 109
338 109
338 108
338 107
338 107
337 106
337 105
336 105
336 104
335 104
335 103
334 103
333 102
333 102
332 101
331 101
330 101
329 100
328 100
327 100
327 99
326 99
325 98
324 98
323 98
321 98
320 97
319 97
318 97
317 97
316 97
315 96
314 96
313 96
312 96
311 96
310 96
308 96
307 96
306 95
305 95
304 95
303 95
302 95
302 95
301 95
300 95
299 95
298 95
297 95
296 94
296 94
295 94
294 94
293 94
292 94
291 94
291 95
290 95
289 95
288 95
287 95
287 95
286 95
285 95
284 95
283 95
282 95
282 94
281 94
280 94
279 94
278 94
277 94
277 94
276 94
275 94
274 94
273 94
272 93
272 93
271 93
270 93
269 93
268 93
267 92
266 92
265 92
264 92
264 92
263 91
262 91
261 91
260 90
259 90
258 90
257 90
256 89
255 89
254 89
253 88
252 88
251 88
250 87
249 87
248 86
247 86
246 86
245 85
243 85
242 84
241 84
240 83
239 83
238 82
